{
  "advancedEditorSelectedIdentifier" : "ShaderGraphEditorPluginID",
  "openSceneRelativePaths" : [
    "Immersive.usda",
    "Scene.usda",
    "vr_player_scene.usdc"
  ],
  "recentIdentifiers" : {
    "AF09ED6F-1707-48FD-8720-65B998362C09" : [

    ],
    "D04606D8-515E-49B2-AAF7-0303BF4B9AD0" : [

    ],
    "D66134B1-3681-4A8E-AFE5-29F257229F3B" : [

    ]
  },
  "sceneCameraHistory" : {
    "AF09ED6F-1707-48FD-8720-65B998362C09" : [
      {
        "date" : 724067946.48127103,
        "title" : "Untitled",
        "transform" : [
          0.99845200777053833,
          1.4304061407566238e-11,
          -0.055620487779378891,
          0,
          -0.028435094282031059,
          0.85944145917892456,
          -0.51044279336929321,
          0,
          0.047802552580833435,
          0.51123422384262085,
          0.85811096429824829,
          0,
          0.19392645359039307,
          1.7055058479309082,
          -0.65050268173217773,
          1
        ]
      },
      {
        "date" : 723981679.09281898,
        "title" : "Untitled",
        "transform" : [
          0.99845200777053833,
          1.4304061407566238e-11,
          -0.055620487779378891,
          0,
          -0.028435094282031059,
          0.85944145917892456,
          -0.51044279336929321,
          0,
          0.047802552580833435,
          0.51123422384262085,
          0.85811096429824829,
          0,
          -0.026874184608459473,
          1.9531056880950928,
          -0.78571486473083496,
          1
        ]
      },
      {
        "date" : 723365035.28479505,
        "title" : "Untitled",
        "transform" : [
          1,
          0,
          0,
          0,
          0,
          0.86602509021759033,
          -0.50000053644180298,
          0,
          0,
          0.50000053644180298,
          0.86602509021759033,
          0,
          -0.20949801802635193,
          1.9101887941360474,
          -0.75548022985458374,
          1
        ]
      },
      {
        "date" : 723365032.52282906,
        "title" : "Untitled",
        "transform" : [
          1,
          0,
          0,
          0,
          0,
          0.86602509021759033,
          -0.50000053644180298,
          0,
          0,
          0.50000053644180298,
          0.86602509021759033,
          0,
          -0.4796108603477478,
          1.8486907482147217,
          -0.86199796199798584,
          1
        ]
      },
      {
        "date" : 723365028.65187895,
        "title" : "Untitled",
        "transform" : [
          1,
          0,
          0,
          0,
          0,
          0.86602509021759033,
          -0.50000053644180298,
          0,
          0,
          0.50000053644180298,
          0.86602509021759033,
          0,
          -0.49999994039535522,
          1.6631455421447754,
          -1.1889317035675049,
          1
        ]
      },
      {
        "date" : 723364935.73488796,
        "title" : "Untitled",
        "transform" : [
          1,
          0,
          0,
          0,
          0,
          0.86602509021759033,
          -0.50000053644180298,
          0,
          0,
          0.50000053644180298,
          0.86602509021759033,
          0,
          5.9604644775390625e-08,
          0.081572532653808594,
          0.15553379058837891,
          1
        ]
      },
      {
        "date" : 723267349.66396701,
        "title" : "Untitled",
        "transform" : [
          1,
          0,
          0,
          0,
          0,
          0.86602509021759033,
          -0.50000053644180298,
          0,
          0,
          0.50000053644180298,
          0.86602509021759033,
          0,
          -0.4999997615814209,
          1.7138981819152832,
          -1.1071550846099854,
          1
        ]
      },
      {
        "date" : 723266232.74096096,
        "title" : "Untitled",
        "transform" : [
          1,
          0,
          0,
          0,
          0,
          0.86602509021759033,
          -0.50000053644180298,
          0,
          0,
          0.50000053644180298,
          0.86602509021759033,
          0,
          0,
          2.0258197784423828,
          1.641850471496582,
          1
        ]
      },
      {
        "date" : 723266223.72564995,
        "title" : "Untitled",
        "transform" : [
          1,
          0,
          0,
          0,
          0,
          0.86602509021759033,
          -0.50000053644180298,
          0,
          0,
          0.50000053644180298,
          0.86602509021759033,
          0,
          0,
          2.0258197784423828,
          1.6418503522872925,
          1
        ]
      },
      {
        "date" : 723266187.31237805,
        "title" : "Untitled",
        "transform" : [
          1,
          0,
          0,
          0,
          0,
          0.86602509021759033,
          -0.50000053644180298,
          0,
          0,
          0.50000053644180298,
          0.86602509021759033,
          0,
          -0.5,
          1.7026904821395874,
          -1.1254409551620483,
          1
        ]
      }
    ],
    "D04606D8-515E-49B2-AAF7-0303BF4B9AD0" : [
      {
        "date" : 724078954.40032697,
        "title" : "Untitled",
        "transform" : [
          1,
          0,
          0,
          0,
          0,
          0.86602473258972168,
          -0.50000119209289551,
          0,
          0,
          0.50000119209289551,
          0.86602473258972168,
          0,
          0.24844646453857422,
          9.3554172515869141,
          7.0792484283447266,
          1
        ]
      },
      {
        "date" : 724077208.34531105,
        "title" : "Untitled",
        "transform" : [
          1,
          0,
          0,
          0,
          0,
          0.86602473258972168,
          -0.50000119209289551,
          0,
          0,
          0.50000119209289551,
          0.86602473258972168,
          0,
          -0.50821542739868164,
          8.5425291061401367,
          7.5485692024230957,
          1
        ]
      },
      {
        "date" : 724077097.09255302,
        "title" : "Untitled",
        "transform" : [
          1,
          0,
          0,
          0,
          0,
          0.86602473258972168,
          -0.50000119209289551,
          0,
          0,
          0.50000119209289551,
          0.86602473258972168,
          0,
          1.1887302398681641,
          6.6170816421508789,
          8.6602287292480469,
          1
        ]
      },
      {
        "date" : 724077095.12566304,
        "title" : "Untitled",
        "transform" : [
          1,
          0,
          0,
          0,
          0,
          0.86602473258972168,
          -0.50000119209289551,
          0,
          0,
          0.50000119209289551,
          0.86602473258972168,
          0,
          0.31094551086425781,
          7.6813035011291504,
          8.0457973480224609,
          1
        ]
      },
      {
        "date" : 724077080.39242494,
        "title" : "Untitled",
        "transform" : [
          1,
          0,
          0,
          0,
          0,
          0.86602473258972168,
          -0.50000119209289551,
          0,
          0,
          0.50000119209289551,
          0.86602473258972168,
          0,
          -1.6201057434082031,
          7.8586916923522949,
          7.943382740020752,
          1
        ]
      },
      {
        "date" : 724076655.10513604,
        "title" : "Untitled",
        "transform" : [
          1,
          0,
          0,
          0,
          0,
          0.86602473258972168,
          -0.50000119209289551,
          0,
          0,
          0.50000119209289551,
          0.86602473258972168,
          0,
          -0.85940384864807129,
          4.5140557289123535,
          9.8744163513183594,
          1
        ]
      },
      {
        "date" : 724076537.83650506,
        "title" : "Untitled",
        "transform" : [
          1,
          0,
          0,
          0,
          0,
          0.86602473258972168,
          -0.50000119209289551,
          0,
          0,
          0.50000119209289551,
          0.86602473258972168,
          0,
          -1.7078748941421509,
          4.8434901237487793,
          9.6842174530029297,
          1
        ]
      },
      {
        "date" : 724076535.15682697,
        "title" : "Untitled",
        "transform" : [
          1,
          0,
          0,
          0,
          0,
          0.86602473258972168,
          -0.50000119209289551,
          0,
          0,
          0.50000119209289551,
          0.86602473258972168,
          0,
          -1.4014641046524048,
          4.3535857200622559,
          9.9670639038085938,
          1
        ]
      },
      {
        "date" : 724076474.79111302,
        "title" : "Untitled",
        "transform" : [
          1,
          0,
          0,
          0,
          0,
          0.86602473258972168,
          -0.50000119209289551,
          0,
          0,
          0.50000119209289551,
          0.86602473258972168,
          0,
          -0.058925271034240723,
          6.5258841514587402,
          8.7128829956054688,
          1
        ]
      },
      {
        "date" : 724076468.03665602,
        "title" : "Untitled",
        "transform" : [
          1,
          0,
          -0,
          0,
          -0,
          0.86602473258972168,
          -0.50000119209289551,
          0,
          0,
          0.50000119209289551,
          0.86602473258972168,
          0,
          3.5762789707405318e-07,
          5.4378318786621094,
          9.4186019897460938,
          1
        ]
      }
    ],
    "D66134B1-3681-4A8E-AFE5-29F257229F3B" : [
      {
        "date" : 723364556.97660995,
        "title" : "Untitled",
        "transform" : [
          1,
          0,
          0,
          0,
          0,
          0.86602544784545898,
          -0.49999994039535522,
          0,
          0,
          0.49999994039535522,
          0.86602544784545898,
          0,
          3.7252902984619141e-09,
          0.05930660292506218,
          0.11727744340896606,
          1
        ]
      },
      {
        "date" : 723363353.58326697,
        "title" : "Untitled",
        "transform" : [
          1,
          0,
          0,
          0,
          0,
          0.86602544784545898,
          -0.49999994039535522,
          0,
          0,
          0.49999994039535522,
          0.86602544784545898,
          0,
          3.7252902984619141e-09,
          0.081811293959617615,
          0.15625683963298798,
          1
        ]
      },
      {
        "date" : 723341992.23638701,
        "title" : "Untitled",
        "transform" : [
          1,
          0,
          0,
          0,
          0,
          0.86602544784545898,
          -0.49999994039535522,
          0,
          0,
          0.49999994039535522,
          0.86602544784545898,
          0,
          0,
          0.081811279058456421,
          0.15625679492950439,
          1
        ]
      },
      {
        "date" : 723267508.57927799,
        "title" : "Untitled",
        "transform" : [
          1,
          0,
          0,
          0,
          0,
          0.86602544784545898,
          -0.49999994039535522,
          0,
          0,
          0.49999994039535522,
          0.86602544784545898,
          0,
          0,
          0.25678089261054993,
          0.44495758414268494,
          1
        ]
      }
    ],
    "E92BFAF7-5E00-4D2B-8FB8-E63C66A4020A" : [
      {
        "date" : 723264655.44012105,
        "title" : "Untitled",
        "transform" : [
          1,
          0,
          0,
          0,
          0,
          0.86602550745010376,
          -0.49999982118606567,
          0,
          0,
          0.49999982118606567,
          0.86602550745010376,
          0,
          0,
          0.24040335416793823,
          0.41639083623886108,
          1
        ]
      }
    ],
    "F9BFF846-89AA-4F5B-8CAA-958948138859" : [
      {
        "date" : 723363793.82898498,
        "title" : "Untitled",
        "transform" : [
          1,
          0,
          0,
          0,
          0,
          0.86602538824081421,
          -0.5,
          0,
          0,
          0.5,
          0.86602538824081421,
          0,
          0,
          0.245973140001297,
          0.42603799700737,
          1
        ]
      }
    ]
  },
  "selectedSceneRelativePath" : "vr_player_scene.usdc"
}